month,avg_readiness,avg_hrv,avg_temp_dev,readiness_std,low_readiness_days,avg_sleep_score,avg_total_sleep,avg_efficiency,avg_restfulness,avg_deep_sleep,avg_rem_sleep,sleep_variability,short_sleep_days,recovery_index,fatigue_risk
2025-09,82.0,85.0,0.0254545454545454,9.885053652574967,2,82.81818181818181,78.0909090909091,91.8181818181818,85.72727272727273,82.31818181818181,86.31818181818181,7.877855422677295,22,6.64878527920279,False
2025-10,87.24,92.36363636363636,-0.0175999999999999,6.246865880850445,1,82.64,81.04,88.4,88.12,82.12,89.08,8.683701207818396,25,70.0,False
2025-11,85.3,82.2,0.0646666666666666,9.79144595006802,2,85.73333333333333,84.63333333333334,90.76666666666668,83.53333333333333,86.26666666666667,91.0,6.559716842781498,30,51.26127689104791,False
2025-12,84.38709677419355,82.51612903225806,0.0493548387096774,6.8346051793054805,2,84.54838709677419,87.45161290322581,90.5483870967742,83.96774193548387,78.58064516129032,95.51612903225806,7.881787909171451,31,35.59821663915023,False
2026-01,87.0,91.83333333333331,0.1716666666666666,3.521363372331802,0,87.33333333333333,88.66666666666667,92.5,84.33333333333333,71.83333333333333,98.16666666666669,2.25092573548455,6,96.66639355082461,False

month,avg_readiness,avg_hrv,avg_temp_dev,readiness_std,low_readiness_days
2025-09,82.0,85.0,0.025454545454545455,9.885053652574967,2
2025-10,87.24,92.36363636363636,-0.017599999999999998,6.246865880850445,1
2025-11,85.3,82.2,0.06466666666666666,9.79144595006802,2
2025-12,84.38709677419355,82.51612903225806,0.04935483870967742,6.8346051793054805,2
2026-01,87.0,91.83333333333333,0.17166666666666666,3.521363372331802,0

month,avg_sleep_score,avg_total_sleep,avg_efficiency,avg_restfulness,avg_deep_sleep,avg_rem_sleep,sleep_variability,short_sleep_days
2025-09,82.81818181818181,78.0909090909091,91.81818181818181,85.72727272727273,82.31818181818181,86.31818181818181,7.877855422677295,22
2025-10,82.64,81.04,88.4,88.12,82.12,89.08,8.683701207818396,25
2025-11,85.73333333333333,84.63333333333334,90.76666666666667,83.53333333333333,86.26666666666667,91.0,6.559716842781498,30
2025-12,84.54838709677419,87.45161290322581,90.54838709677419,83.96774193548387,78.58064516129032,95.51612903225806,7.881787909171451,31
2026-01,87.33333333333333,88.66666666666667,92.5,84.33333333333333,71.83333333333333,98.16666666666667,2.25092573548455,6

day,score,temperature_deviation,activity_balance,body_temperature,hrv_balance,previous_day_activity,previous_night,recovery_index,resting_heart_rate,sleep_balance,sleep_regularity
2025-09-09,93,-0.53,87.0,94.0,,100.0,85.0,93.0,100.0,,
2025-09-10,88,0.29,77.0,90.0,,80.0,79.0,100.0,100.0,,
2025-09-11,78,-0.04,86.0,100.0,,83.0,82.0,33.0,96.0,,
2025-09-12,81,0.33,84.0,83.0,,84.0,80.0,62.0,87.0,84.0,
2025-09-13,87,-0.07,82.0,100.0,,80.0,71.0,100.0,97.0,88.0,92.0
2025-09-14,87,-0.29,80.0,97.0,,84.0,88.0,85.0,100.0,81.0,91.0
2025-09-15,90,0.02,84.0,100.0,86.0,88.0,100.0,94.0,82.0,91.0,92.0
2025-09-16,80,0.06,74.0,100.0,89.0,43.0,75.0,100.0,76.0,87.0,90.0
2025-09-17,91,-0.04,83.0,100.0,89.0,93.0,88.0,98.0,100.0,83.0,91.0
2025-09-18,80,-0.05,78.0,100.0,87.0,56.0,53.0,100.0,96.0,81.0,90.0
2025-09-19,93,-0.08,76.0,100.0,89.0,100.0,100.0,100.0,100.0,91.0,86.0
2025-09-20,80,0.02,77.0,100.0,87.0,56.0,82.0,100.0,69.0,81.0,87.0
2025-09-21,90,0.08,84.0,99.0,89.0,97.0,98.0,100.0,86.0,84.0,88.0
2025-09-22,84,0.17,77.0,91.0,87.0,97.0,73.0,83.0,86.0,83.0,88.0
2025-09-23,80,-0.14,76.0,100.0,88.0,58.0,86.0,36.0,100.0,85.0,88.0
2025-09-24,93,0.02,81.0,100.0,90.0,91.0,100.0,100.0,100.0,89.0,88.0
2025-09-25,65,0.26,73.0,83.0,80.0,55.0,46.0,52.0,56.0,71.0,88.0
2025-09-26,79,0.03,79.0,100.0,89.0,94.0,62.0,74.0,77.0,80.0,83.0
2025-09-27,51,0.5,57.0,63.0,74.0,40.0,44.0,27.0,29.0,66.0,78.0
2025-09-28,73,0.44,85.0,69.0,82.0,98.0,84.0,60.0,68.0,71.0,78.0
2025-09-29,78,-0.1,64.0,100.0,79.0,92.0,82.0,66.0,95.0,61.0,78.0
2025-09-30,83,-0.32,68.0,94.0,75.0,69.0,98.0,100.0,97.0,70.0,78.0
2025-10-01,84,-0.3,75.0,95.0,77.0,100.0,81.0,100.0,97.0,67.0,78.0
2025-10-02,77,-0.16,68.0,100.0,74.0,64.0,91.0,88.0,78.0,72.0,76.0
2025-10-03,87,0.33,85.0,78.0,86.0,93.0,79.0,100.0,100.0,78.0,77.0
2025-10-10,69,-0.18,78.0,99.0,,,22.0,86.0,96.0,,75.0
2025-10-11,82,0.04,78.0,100.0,,68.0,72.0,100.0,96.0,,76.0
2025-10-12,84,0.12,79.0,95.0,,93.0,73.0,85.0,96.0,,79.0
2025-10-13,79,0.14,74.0,94.0,88.0,88.0,100.0,21.0,96.0,68.0,83.0
2025-10-14,89,0.05,80.0,100.0,92.0,78.0,98.0,100.0,100.0,79.0,81.0
2025-10-15,92,0.07,78.0,100.0,91.0,100.0,100.0,100.0,96.0,84.0,84.0
2025-10-16,85,-0.01,74.0,100.0,92.0,62.0,76.0,100.0,100.0,84.0,84.0
2025-10-17,95,0.19,81.0,89.0,94.0,97.0,100.0,100.0,97.0,100.0,88.0
2025-10-18,87,0.2,81.0,89.0,95.0,74.0,90.0,67.0,100.0,90.0,88.0
2025-10-19,97,0.08,88.0,99.0,97.0,100.0,100.0,100.0,98.0,100.0,88.0
2025-10-20,89,-0.13,81.0,100.0,95.0,87.0,74.0,100.0,99.0,87.0,87.0
2025-10-21,94,0.03,89.0,100.0,97.0,69.0,100.0,100.0,100.0,98.0,88.0
2025-10-22,88,-0.16,90.0,100.0,96.0,94.0,57.0,100.0,100.0,89.0,87.0
2025-10-23,91,0.06,86.0,100.0,97.0,62.0,89.0,100.0,100.0,97.0,87.0
2025-10-24,92,-0.19,93.0,98.0,95.0,96.0,84.0,100.0,100.0,83.0,84.0
2025-10-25,85,-0.19,83.0,99.0,96.0,71.0,59.0,100.0,96.0,93.0,84.0
2025-10-26,84,-0.09,92.0,100.0,96.0,91.0,55.0,74.0,91.0,92.0,85.0
2025-10-27,93,0.14,84.0,93.0,95.0,90.0,100.0,82.0,100.0,96.0,86.0
2025-10-28,87,-0.23,88.0,97.0,95.0,62.0,77.0,100.0,100.0,84.0,86.0
2025-10-29,94,0.08,90.0,99.0,95.0,100.0,85.0,100.0,100.0,94.0,86.0
2025-10-30,86,-0.09,83.0,100.0,94.0,62.0,92.0,77.0,92.0,93.0,86.0
2025-10-31,91,-0.24,91.0,97.0,95.0,98.0,77.0,100.0,100.0,82.0,86.0
2025-11-01,90,-0.04,88.0,100.0,93.0,78.0,92.0,100.0,92.0,91.0,87.0
2025-11-02,93,0.21,87.0,88.0,92.0,90.0,99.0,100.0,92.0,95.0,85.0
2025-11-03,82,0.45,95.0,68.0,93.0,100.0,87.0,100.0,98.0,94.0,84.0
2025-11-04,91,-0.22,84.0,97.0,89.0,75.0,100.0,87.0,100.0,100.0,80.0
2025-11-05,95,-0.03,93.0,100.0,93.0,95.0,91.0,100.0,100.0,100.0,81.0
2025-11-06,90,-0.15,83.0,100.0,89.0,75.0,96.0,97.0,89.0,100.0,81.0
2025-11-07,93,-0.23,94.0,97.0,91.0,93.0,93.0,100.0,89.0,100.0,82.0
2025-11-08,84,-0.09,86.0,100.0,89.0,82.0,68.0,100.0,70.0,100.0,82.0
2025-11-09,90,0.0,90.0,100.0,88.0,94.0,91.0,67.0,98.0,100.0,81.0
2025-11-10,88,-0.12,92.0,100.0,89.0,99.0,76.0,100.0,79.0,98.0,79.0
2025-11-11,86,-0.03,85.0,100.0,82.0,66.0,100.0,88.0,79.0,100.0,80.0
2025-11-12,91,0.05,95.0,100.0,88.0,94.0,88.0,84.0,98.0,95.0,80.0
2025-11-13,89,0.12,81.0,96.0,86.0,51.0,100.0,100.0,100.0,100.0,82.0
2025-11-14,92,0.2,95.0,88.0,85.0,99.0,87.0,94.0,97.0,97.0,82.0
2025-11-15,84,0.32,80.0,79.0,86.0,74.0,85.0,76.0,78.0,100.0,82.0
2025-11-16,88,0.35,89.0,76.0,87.0,90.0,75.0,79.0,97.0,100.0,83.0
2025-11-17,93,-0.09,87.0,100.0,87.0,96.0,100.0,98.0,88.0,100.0,83.0
2025-11-18,88,0.1,82.0,97.0,87.0,68.0,99.0,100.0,78.0,98.0,85.0
2025-11-19,96,0.0,91.0,100.0,89.0,99.0,100.0,100.0,100.0,100.0,86.0
2025-11-20,84,-0.29,80.0,95.0,83.0,52.0,96.0,100.0,67.0,99.0,87.0
2025-11-21,90,0.02,85.0,100.0,86.0,91.0,98.0,100.0,78.0,98.0,87.0
2025-11-22,80,0.24,81.0,86.0,86.0,77.0,58.0,58.0,88.0,97.0,87.0
2025-11-23,79,0.09,83.0,98.0,79.0,90.0,76.0,64.0,68.0,90.0,86.0
2025-11-24,87,0.16,79.0,92.0,83.0,96.0,89.0,98.0,79.0,92.0,86.0
2025-11-25,75,0.16,73.0,92.0,70.0,50.0,94.0,100.0,41.0,90.0,85.0
2025-11-26,77,0.12,85.0,96.0,82.0,92.0,47.0,83.0,80.0,72.0,85.0
2025-11-27,45,0.53,80.0,61.0,46.0,100.0,52.0,39.0,1.0,72.0,77.0
2025-11-28,87,-0.31,83.0,95.0,76.0,100.0,100.0,100.0,91.0,76.0,77.0
2025-11-29,69,0.09,64.0,98.0,39.0,51.0,92.0,92.0,82.0,59.0,78.0
2025-11-30,83,0.33,86.0,78.0,53.0,84.0,100.0,100.0,100.0,70.0,79.0
2025-12-01,63,0.02,70.0,100.0,45.0,60.0,58.0,35.0,90.0,69.0,76.0
2025-12-02,77,-0.17,71.0,99.0,58.0,70.0,100.0,100.0,61.0,85.0,76.0
2025-12-03,82,-0.02,73.0,100.0,67.0,98.0,86.0,100.0,82.0,80.0,76.0
2025-12-04,79,-0.12,67.0,100.0,59.0,67.0,96.0,100.0,82.0,84.0,77.0
2025-12-05,85,0.23,79.0,86.0,72.0,99.0,73.0,100.0,91.0,93.0,79.0
2025-12-06,67,-0.21,76.0,98.0,70.0,86.0,14.0,59.0,91.0,72.0,77.0
2025-12-07,92,0.01,80.0,100.0,78.0,100.0,100.0,100.0,100.0,100.0,75.0
2025-12-08,82,0.08,83.0,99.0,80.0,93.0,58.0,96.0,100.0,78.0,75.0
2025-12-09,88,0.0,83.0,100.0,83.0,81.0,100.0,82.0,100.0,90.0,75.0
2025-12-10,83,0.04,89.0,100.0,87.0,85.0,66.0,88.0,99.0,80.0,74.0
2025-12-11,84,0.14,78.0,94.0,84.0,48.0,100.0,100.0,80.0,97.0,76.0
2025-12-12,81,0.38,89.0,74.0,89.0,100.0,96.0,100.0,80.0,90.0,76.0
2025-12-13,81,0.12,82.0,96.0,87.0,83.0,88.0,38.0,90.0,90.0,77.0
2025-12-14,91,0.25,80.0,84.0,88.0,90.0,88.0,100.0,100.0,100.0,76.0
2025-12-15,87,0.29,87.0,82.0,87.0,100.0,86.0,58.0,100.0,91.0,76.0
2025-12-16,82,0.08,77.0,99.0,87.0,68.0,81.0,100.0,70.0,97.0,77.0
2025-12-17,90,-0.06,83.0,100.0,91.0,93.0,81.0,100.0,100.0,92.0,78.0
2025-12-18,83,-0.34,73.0,93.0,86.0,40.0,100.0,97.0,78.0,98.0,79.0
2025-12-19,94,0.15,86.0,93.0,92.0,100.0,93.0,100.0,97.0,100.0,80.0
2025-12-20,81,0.01,71.0,100.0,87.0,74.0,85.0,88.0,68.0,93.0,82.0
2025-12-21,89,-0.15,84.0,100.0,91.0,96.0,90.0,56.0,98.0,100.0,82.0
2025-12-22,88,0.22,69.0,87.0,90.0,81.0,80.0,96.0,98.0,99.0,80.0
2025-12-23,94,0.11,80.0,96.0,89.0,93.0,100.0,98.0,100.0,100.0,81.0
2025-12-24,85,0.1,77.0,97.0,90.0,76.0,72.0,76.0,100.0,99.0,81.0
2025-12-25,82,-0.27,66.0,96.0,86.0,40.0,100.0,100.0,67.0,100.0,83.0
2025-12-26,90,0.11,83.0,96.0,92.0,100.0,69.0,100.0,97.0,100.0,83.0
2025-12-27,82,0.12,72.0,95.0,87.0,90.0,62.0,72.0,88.0,100.0,84.0
2025-12-28,91,0.05,75.0,100.0,90.0,92.0,98.0,82.0,97.0,100.0,82.0
2025-12-29,89,0.1,82.0,97.0,88.0,97.0,88.0,83.0,88.0,100.0,81.0
2025-12-30,85,0.19,82.0,89.0,88.0,,83.0,100.0,68.0,98.0,79.0
2025-12-31,89,0.07,85.0,100.0,90.0,90.0,83.0,100.0,89.0,97.0,79.0
2026-01-01,84,0.28,67.0,82.0,91.0,75.0,85.0,55.0,100.0,98.0,81.0
2026-01-02,90,0.24,90.0,86.0,91.0,76.0,83.0,100.0,100.0,92.0,81.0
2026-01-03,90,0.3,75.0,80.0,92.0,100.0,95.0,72.0,100.0,94.0,78.0
2026-01-04,90,0.08,69.0,99.0,94.0,81.0,95.0,100.0,100.0,94.0,79.0
2026-01-05,86,0.22,81.0,87.0,91.0,96.0,94.0,100.0,56.0,93.0,79.0
2026-01-06,82,-0.09,75.0,100.0,92.0,81.0,92.0,100.0,48.0,94.0,79.0

day,score,total_sleep,efficiency,restfulness,deep_sleep,rem_sleep,latency,timing
2025-09-09,90,79,100,89,94,97,97,100
2025-09-10,86,95,96,84,64,97,40,100
2025-09-11,86,81,99,91,70,84,86,100
2025-09-12,84,74,98,87,74,93,86,100
2025-09-13,79,81,88,87,69,89,29,100
2025-09-14,87,75,100,87,83,95,94,100
2025-09-15,94,95,99,89,99,96,72,100
2025-09-16,81,89,76,78,94,93,4,100
2025-09-17,86,86,86,85,97,95,56,99
2025-09-18,69,71,51,69,66,60,62,92
2025-09-19,91,98,100,88,65,99,70,100
2025-09-20,83,90,79,94,72,98,16,100
2025-09-21,90,81,93,90,95,84,97,100
2025-09-22,79,69,98,81,93,70,67,100
2025-09-23,84,71,97,90,87,93,75,100
2025-09-24,92,93,96,86,82,96,89,100
2025-09-25,67,48,96,73,64,70,91,69
2025-09-26,74,57,83,85,82,72,78,95
2025-09-27,66,44,97,81,88,59,72,67
2025-09-28,83,74,96,81,95,86,86,83
2025-09-29,82,72,97,98,88,80,54,100
2025-09-30,89,95,95,93,90,93,43,100
2025-10-01,82,84,93,84,91,96,22,100
2025-10-02,86,72,96,90,96,81,97,100
2025-10-03,81,74,88,90,66,75,86,100
2025-10-10,57,45,83,67,29,27,86,88
2025-10-11,78,66,90,90,69,92,59,100
2025-10-12,78,75,90,92,72,94,23,100
2025-10-13,93,95,90,86,96,97,86,98
2025-10-14,89,100,90,89,91,100,27,97
2025-10-15,92,95,95,82,95,96,81,97
2025-10-16,80,70,98,91,90,82,64,88
2025-10-17,97,99,97,88,96,99,86,100
2025-10-18,86,83,95,83,96,76,75,97
2025-10-19,90,99,88,91,95,100,43,89
2025-10-20,79,67,88,91,84,92,51,100
2025-10-21,92,91,88,86,95,100,97,82
2025-10-22,72,77,53,85,70,92,1,100
2025-10-23,85,100,90,92,88,100,4,83
2025-10-24,83,79,95,87,88,92,62,87
2025-10-25,73,72,79,90,68,84,10,100
2025-10-26,71,68,86,93,49,77,20,100
2025-10-27,93,89,97,91,95,97,91,100
2025-10-28,80,68,83,91,75,93,75,100
2025-10-29,83,87,74,79,95,99,59,77
2025-10-30,86,93,96,97,88,98,19,87
2025-10-31,80,78,88,98,76,88,43,84
2025-11-01,86,87,81,89,93,75,72,100
2025-11-02,89,100,96,74,96,100,70,62
2025-11-03,84,89,83,91,73,98,40,100
2025-11-04,93,91,99,84,96,97,97,100
2025-11-05,86,100,86,81,79,100,15,100
2025-11-06,88,86,99,92,69,98,89,83
2025-11-07,87,87,98,78,88,99,86,79
2025-11-08,77,77,90,76,69,96,27,100
2025-11-09,86,87,93,86,95,78,62,100
2025-11-10,80,77,79,60,87,81,94,100
2025-11-11,93,95,93,83,93,98,91,100
2025-11-12,85,78,93,86,80,98,75,100
2025-11-13,96,100,90,86,96,100,89,92
2025-11-14,85,84,97,86,83,97,72,82
2025-11-15,84,75,98,80,79,95,83,100
2025-11-16,80,84,96,75,61,96,43,100
2025-11-17,92,90,98,83,97,98,91,100
2025-11-18,90,88,88,80,95,89,97,100
2025-11-19,92,100,96,83,79,95,83,89
2025-11-20,89,91,97,87,95,100,48,100
2025-11-21,90,86,96,86,90,100,94,86
2025-11-22,74,79,86,85,62,68,22,100
2025-11-23,81,59,96,92,95,89,89,100
2025-11-24,86,72,96,88,96,85,97,100
2025-11-25,88,92,67,76,96,96,91,98
2025-11-26,69,50,74,92,79,67,91,63
2025-11-27,71,53,67,76,95,45,91,100
2025-11-28,93,93,98,93,94,100,78,100
2025-11-29,87,90,96,93,95,96,27,100
2025-11-30,91,99,97,85,83,96,91,69
2025-12-01,74,81,79,76,69,83,13,96
2025-12-02,91,99,90,86,86,100,75,85
2025-12-03,85,85,93,85,77,100,75,84
2025-12-04,89,89,98,92,83,97,75,89
2025-12-05,80,100,88,79,76,100,13,57
2025-12-06,56,42,65,96,55,56,4,85
2025-12-07,96,100,96,86,95,99,89,98
2025-12-08,74,74,90,90,47,84,29,100
2025-12-09,93,94,97,81,92,100,94,98
2025-12-10,77,71,100,88,64,99,78,53
2025-12-11,93,100,95,75,97,100,89,87
2025-12-12,89,98,96,77,83,93,62,95
2025-12-13,86,89,90,90,86,99,27,100
2025-12-14,87,100,81,54,81,96,67,98
2025-12-15,85,82,88,83,81,94,70,100
2025-12-16,83,91,74,77,95,100,24,100
2025-12-17,83,81,79,93,70,100,62,100
2025-12-18,93,95,99,82,81,93,99,99
2025-12-19,88,100,90,86,72,100,43,100
2025-12-20,85,81,76,92,96,95,59,100
2025-12-21,87,81,100,80,84,98,86,98
2025-12-22,83,78,100,91,83,100,81,52
2025-12-23,91,100,97,85,82,100,62,91
2025-12-24,80,98,93,85,57,100,22,62
2025-12-25,94,100,96,85,95,100,81,88
2025-12-26,79,88,86,84,67,99,20,86
2025-12-27,76,80,86,88,57,96,12,100
2025-12-28,90,88,97,98,77,98,75,100
2025-12-29,86,86,98,74,78,82,89,100
2025-12-30,84,79,97,79,78,100,70,100
2025-12-31,84,81,93,86,92,100,56,86
2026-01-01,85,96,93,83,73,100,32,95
2026-01-02,84,89,90,84,62,98,89,62
2026-01-03,89,89,98,84,60,100,91,100
2026-01-04,89,87,98,88,68,93,91,100
2026-01-05,89,84,97,89,82,98,89,100
2026-01-06,88,87,79,78,86,100,94,100
